Speed,Actual,Predicted,Predicted_Diff,Actual_Diff
24,908.625,1423.7319,934.90985,908.625
27,2032.937999999965,2850.9626,1427.2306999999998,1124.312999999965
27,2700.0620000000345,3505.621,654.6584000000003,667.1240000000694
27,3103.875,3926.2441,420.6230999999998,403.81299999996554
26,3474.8120000000345,4238.1094,311.8653000000004,370.93700000003446
26,4228.5,4917.2515,679.1421,753.6879999999655
29,6138.8120000000345,6528.437,1611.1854999999996,1910.3120000000345
32,7854.25,8257.711,1729.2739999999994,1715.4379999999655
33,8848.625,9268.003,1010.2920000000013,994.375
33,9605.062000000034,10025.483,757.4799999999996,756.4370000000345
33,10385.312000000034,10721.049,695.5660000000007,780.25
32,11006.75,11159.618,438.5689999999995,621.4379999999655
30,11645.75,11443.392,283.77399999999943,639.0
29,12202.437999999966,11719.804,276.41200000000026,556.6879999999655
23,12644.437999999966,11908.944,189.13999999999942,442.0
22,12926.125,12365.999,457.0550000000003,281.68700000003446
24,13911.5,13364.75,998.7510000000002,985.375
24,14178.5,13976.477,611.7270000000008,267.0
24,14701.625,14512.205,535.7279999999992,523.125
24,15179.062000000034,14946.334,434.1290000000008,477.43700000003446
22,15579.937999999966,15398.62,452.28600000000006,400.8759999999311
26,17193.125,17089.172,1690.5519999999979,1613.1870000000345
30,18688.75,19084.336,1995.1640000000007,1495.625
32,19659.68799999997,20464.914,1380.5780000000013,970.9379999999692
36,21768.062000000034,22822.281,2357.3669999999984,2108.3740000000653
40,24047.43799999997,25709.36,2887.0790000000015,2279.3759999999347
40,24418.375,26412.545,703.1849999999977,370.9370000000308
39,24781.5,26716.012,303.46700000000055,363.125
38,25284.5,26987.17,271.15799999999945,503.0
36,25728.18799999997,27100.97,113.80000000000291,443.6879999999692
32,26191.5,27116.578,15.608000000000175,463.3120000000308
30,26609.68799999997,27485.709,369.1309999999976,418.1879999999692
33,27983.25,29157.834,1672.125,1373.5620000000308
36,29625.68799999997,31236.35,2078.5159999999996,1642.4379999999692
39,31443.0,33244.83,2008.4800000000032,1817.3120000000308
42,33737.125,36011.383,2766.553,2294.125
47,36625.875,40321.434,4310.0509999999995,2888.75
48,37309.25,41595.633,1274.1990000000005,683.375
47,37523.187999999966,41982.08,386.4470000000001,213.93799999996554
46,37523.187999999966,42317.625,335.54499999999825,0.0
45,37523.187999999966,42632.06,314.4349999999977,0.0
43,37523.187999999966,42852.44,220.38000000000466,0.0
42,37661.937999999966,43470.83,618.3899999999994,138.75
44,38944.75,45312.32,1841.489999999998,1282.8120000000345
47,41163.937999999966,47778.61,2466.290000000001,2219.1879999999655
49,42068.875,49691.535,1912.925000000003,904.9370000000345
51,43534.062000000034,51742.047,2050.511999999995,1465.1870000000345
54,45825.25,54588.383,2846.336000000003,2291.1879999999655
56,47727.062000000034,57105.98,2517.5970000000016,1901.8120000000345
57,48272.875,58309.176,1203.1959999999963,545.8129999999655
56,48618.312000000034,58653.137,343.96100000000297,345.43700000003446
56,48910.812000000034,58884.832,231.6949999999997,292.5
56,49454.187999999966,59253.848,369.015999999996,543.3759999999311
56,49923.687999999966,59659.86,406.01200000000244,469.5
55,50402.125,59928.223,268.36299999999756,478.43700000003446
54,50820.75,60122.543,194.3199999999997,418.625
51,51247.75,60266.074,143.53100000000268,427.0
48,51581.25,60400.43,134.35599999999977,333.5
45,51974.875,60553.223,152.79299999999785,393.625
41,52462.937999999966,60740.465,187.24199999999837,488.06299999996554
35,53231.875,60957.04,216.57500000000437,768.9370000000345
30,53826.562000000034,61186.844,229.80399999999645,594.6870000000345
22,54376.062000000034,61456.055,269.21100000000297,549.5
20,54786.312000000034,61788.8,332.7450000000026,410.25
20,55876.937999999966,62458.453,669.6529999999984,1090.625999999931
23,57484.75,63903.727,1445.2739999999976,1607.8120000000345
25,58769.25,65110.63,1206.9029999999984,1284.5
25,59273.937999999966,65688.555,577.9249999999956,504.68799999996554
25,60235.437999999966,66331.0,642.445000000007,961.5
26,60837.437999999966,67259.59,928.5899999999965,602.0
26,61550.375,67958.06,698.4700000000012,712.9370000000345
25,61963.5,68374.45,416.3899999999994,413.125
23,62269.812000000034,68675.82,301.3700000000099,306.31200000003446
21,62537.25,68956.15,280.3299999999872,267.43799999996554
18,62806.375,69214.46,258.3100000000122,269.125
13,62990.187999999966,69462.56,248.09999999999127,183.81299999996554
10,63290.187999999966,69729.1,266.54000000000815,300.0
9,63780.312000000034,70218.93,489.8299999999872,490.1240000000689
12,65231.937999999966,71539.86,1320.9300000000076,1451.625999999931
17,67205.375,73913.18,2373.3199999999924,1973.4370000000345
24,70468.5,77465.805,3552.625,3263.125
24,71603.43799999997,78432.586,966.7810000000027,1134.9379999999655
21,72475.875,78737.01,304.42399999999907,872.4370000000345
19,73154.06200000003,79053.984,316.974000000002,678.1870000000345
16,73779.81200000003,79342.74,288.7560000000085,625.75
13,74315.25,79648.125,305.38499999999476,535.4379999999655
13,75174.875,80251.875,603.75,859.625
14,76179.75,81439.91,1188.0350000000035,1004.875
20,78068.625,84036.6,2596.6900000000023,1888.875
26,80548.81200000003,87192.875,3156.274999999994,2480.1870000000345
26,81005.125,87945.61,752.7350000000006,456.31299999996554
27,81910.68799999997,89071.73,1126.1199999999953,905.5629999999655
30,83428.5,91120.02,2048.290000000008,1517.8120000000345
31,84097.0,92417.88,1297.8600000000006,668.5
29,84377.68799999997,92730.0,312.11999999999534,280.68799999996554
27,84577.31200000003,92922.45,192.4499999999971,199.62400000006892
23,84777.56200000003,93126.72,204.27000000000407,200.25
21,84931.5,93369.56,242.8399999999965,153.93799999996554
18,85116.25,93653.445,283.8850000000093,184.75
13,85283.18799999997,93969.17,315.72499999999127,166.93799999996554
6,85505.125,94299.664,330.49400000000605,221.93700000003446
0,85877.68799999997,94621.13,321.46600000000035,372.56299999996554
0,86341.68799999997,94945.84,324.70999999999185,464.0
0,86738.625,95299.89,354.0500000000029,396.93700000003446
0,87218.0,95657.41,357.5200000000041,479.375
0,87598.25,96001.375,343.9649999999965,380.25
0,88015.5,96350.875,349.5,417.25
0,88381.25,96715.43,364.554999999993,365.75
0,88741.75,97094.5,379.070000000007,360.5
0,89023.75,97485.05,390.5500000000029,282.0
0,89308.75,97885.26,400.20999999999185,285.0
0,89570.75,98295.62,410.3600000000006,262.0
0,89866.18799999997,98714.55,418.93000000000757,295.43799999996554
0,90131.875,99130.32,415.7700000000041,265.68700000003446
0,90423.56200000003,99550.62,420.29999999998836,291.68700000003446
0,91293.375,100105.23,554.6100000000006,869.8129999999655
3,91743.56200000003,100934.0,828.7700000000041,450.18700000003446
3,92143.625,101490.82,556.820000000007,400.06299999996554
6,92635.31200000003,102529.55,1038.729999999996,491.68700000003446
10,93401.5,104155.51,1625.9599999999919,766.1879999999655
16,94801.56200000003,106254.64,2099.1300000000047,1400.0620000000345
17,95090.0,107045.02,790.3800000000047,288.43799999996554
19,95809.625,108044.78,999.7599999999948,719.625
21,96560.68799999997,109166.8,1122.020000000004,751.0629999999655
21,96930.625,109806.625,639.8249999999971,369.93700000003446
20,97215.68799999997,110178.766,372.14100000000326,285.06299999996554
15,97480.93799999997,110419.02,240.25400000000081,265.25
11,97655.75,110664.07,245.0500000000029,174.81200000003446
11,97862.75,111098.34,434.2699999999895,207.0
13,98478.93799999997,111958.42,860.0800000000017,616.1879999999655
16,99658.25,113066.36,1107.9400000000023,1179.3120000000345
18,100835.75,114147.43,1081.0699999999924,1177.5
21,102663.31200000003,115328.92,1181.4900000000052,1827.5620000000345
19,103393.68799999997,115871.71,542.7900000000081,730.3759999999311
8,103809.43799999997,116202.1,330.3899999999994,415.75
4,104206.75,116541.18,339.0799999999872,397.31200000003446
3,104844.5,117207.36,666.1800000000076,637.75
9,106217.375,118890.96,1683.6000000000058,1372.875
12,107102.18799999997,120054.04,1163.0799999999872,884.8129999999655
15,108106.75,121232.84,1178.800000000003,1004.5620000000345
17,109146.0,122322.52,1089.6800000000076,1039.25
18,110062.375,123280.62,958.0999999999913,916.375
19,111255.625,124141.96,861.3400000000111,1193.25
19,111901.375,124769.56,627.5999999999913,645.75
21,113145.56200000003,125935.016,1165.4560000000056,1244.1870000000345
25,114380.375,127731.0,1795.9839999999967,1234.8129999999655
27,115501.68799999997,128983.03,1252.0299999999988,1121.3129999999655
28,116398.31200000003,129816.82,833.7900000000081,896.6240000000689
27,116925.25,130223.51,406.6899999999878,526.9379999999655
26,117299.68799999997,130533.24,309.7300000000105,374.43799999996554
24,117758.93799999997,130784.48,251.2399999999907,459.25
22,118089.43799999997,131026.52,242.04000000000815,330.5
18,118371.375,131261.39,234.8700000000099,281.93700000003446
15,118571.75,131506.9,245.5099999999802,200.375
11,118794.56200000003,131780.62,273.72000000000116,222.81200000003446
8,119060.75,132312.67,532.0500000000175,266.18799999996554
14,120210.68799999997,133895.02,1582.3499999999767,1149.9379999999655
17,121027.43799999997,135078.23,1183.210000000021,816.75
20,122906.875,136688.22,1609.9899999999907,1879.4370000000345
25,125001.31200000003,138821.22,2133.0,2094.4370000000345
24,125793.06200000003,139555.69,734.4700000000012,791.75
26,126723.31200000003,140739.86,1184.1699999999837,930.25
29,128793.25,142488.48,1748.6200000000244,2069.9379999999655
31,129851.81200000003,143879.19,1390.7099999999919,1058.5620000000345
32,130936.93799999997,144953.08,1073.8899999999849,1085.125999999931
32,131727.81200000003,145813.23,860.1500000000233,790.8740000000689
32,132641.68799999997,146666.39,853.1600000000035,913.8759999999311
32,133369.25,147529.64,863.25,727.5620000000345
32,134172.56200000003,148282.36,752.7199999999721,803.3120000000345
31,134762.625,148771.44,489.0800000000163,590.0629999999655
30,135170.06200000003,149134.39,362.95000000001164,407.43700000003446
28,135482.75,149355.58,221.18999999997322,312.68799999996554
24,135799.31200000003,149526.34,170.7600000000093,316.56200000003446
23,136196.875,150068.94,542.6000000000058,397.56299999996554
26,137360.43799999997,151470.47,1401.5299999999988,1163.5629999999655
27,138105.125,152394.06,923.5899999999965,744.6870000000345
27,138638.25,153010.78,616.7200000000012,533.125
27,139142.125,153639.27,628.4899999999907,503.875
27,139753.06200000003,154307.12,667.8500000000058,610.9370000000345
27,140285.18799999997,154962.86,655.7399999999907,532.1259999999311
27,140937.5,155594.44,631.5800000000163,652.3120000000345
27,141414.875,156214.55,620.109999999986,477.375
27,141984.81200000003,156918.6,704.0500000000175,569.9370000000345
28,142760.75,157724.53,805.929999999993,775.9379999999655
27,143516.06200000003,158178.6,454.070000000007,755.3120000000345
26,144070.25,158493.89,315.29000000000815,554.1879999999655
22,144659.125,158708.88,214.9899999999907,588.875
19,145088.625,158920.86,211.97999999998137,429.5
16,145510.125,159157.16,236.30000000001746,421.5
15,145822.06200000003,159616.77,459.60999999998603,311.93700000003446
18,146436.56200000003,160735.22,1118.4500000000116,614.5
20,147033.25,161769.72,1034.5,596.6879999999655
22,147679.06200000003,162852.64,1082.9200000000128,645.8120000000345
24,148221.125,163971.7,1119.0599999999977,542.0629999999655
25,148844.93799999997,164858.95,887.25,623.8129999999655
26,149341.06200000003,165874.52,1015.5699999999779,496.1240000000689
28,149947.06200000003,167220.52,1346.0,606.0
28,150339.75,168137.38,916.8600000000151,392.68799999996554
28,150684.375,168996.62,859.2399999999907,344.625
28,150975.375,169455.78,459.1600000000035,291.0
27,151284.125,169768.2,312.4200000000128,308.75
27,151493.75,170155.06,386.85999999998603,209.625
26,151733.56200000003,170436.03,280.97000000000116,239.81200000003446
24,151930.68799999997,170643.36,207.3299999999872,197.12599999993108
23,152151.25,170903.83,260.47000000000116,220.56200000003446
22,152366.875,171345.62,441.79000000000815,215.625
24,152874.5,172297.39,951.7700000000186,507.625
25,153363.375,173179.42,882.0299999999988,488.875
26,153743.625,173942.23,762.8099999999977,380.25
26,154118.93799999997,174694.1,751.8699999999953,375.31299999996554
28,154540.31200000003,175681.64,987.5400000000081,421.3740000000689
27,154887.93799999997,176193.2,511.5599999999977,347.6259999999311
27,155412.06200000003,176717.56,524.359999999986,524.1240000000689
27,155936.125,177391.7,674.140000000014,524.0629999999655
28,156604.18799999997,178294.48,902.7799999999988,668.0629999999655
29,157239.875,179177.97,883.4899999999907,635.6870000000345
29,157935.43799999997,179908.25,730.2799999999988,695.5629999999655
30,158523.25,180682.97,774.7200000000012,587.8120000000345
29,159130.875,181109.8,426.8299999999872,607.625
28,159656.75,181446.16,336.36000000001513,525.875
27,160221.875,181748.14,301.9800000000105,565.125
24,160691.75,181972.2,224.05999999999767,469.875
20,161148.0,182169.16,196.95999999999185,456.25
17,161489.375,182349.72,180.55999999999767,341.375
15,161718.06200000003,182543.77,194.04999999998836,228.68700000003446
15,161899.125,183000.75,456.9800000000105,181.06299999996554
18,162739.06200000003,184300.98,1300.2300000000105,839.9370000000345
23,164040.875,186313.19,2012.2099999999919,1301.8129999999655
28,166261.125,188485.06,2171.8699999999953,2220.25
33,168058.25,191041.34,2556.279999999999,1797.125
37,169977.06200000003,193260.94,2219.600000000006,1918.8120000000345
37,170294.31200000003,193883.14,622.2000000000116,317.25
37,170736.875,194544.17,661.0299999999988,442.56299999996554
39,171560.81200000003,195835.9,1291.7299999999814,823.9370000000345
40,172237.375,196901.53,1065.6300000000047,676.5629999999655
41,172861.375,197879.4,977.8699999999953,624.0
42,173540.625,198766.83,887.429999999993,679.25
42,174135.5,199430.28,663.4500000000116,594.875
43,175103.68799999997,200462.27,1031.9899999999907,968.1879999999655
45,176064.625,201764.38,1302.1100000000151,960.9370000000345
45,176795.25,202508.0,743.6199999999953,730.625
46,177748.25,203439.39,931.390000000014,953.0
47,178769.75,204456.77,1017.3799999999756,1021.5
47,179361.56200000003,205017.7,560.9300000000221,591.8120000000345
46,180076.125,205187.2,169.5,714.5629999999655
42,180625.0,205197.5,10.299999999988358,548.875
37,181158.125,205247.9,50.39999999999418,533.125
36,181611.75,205599.16,351.2600000000093,453.625
38,182676.688,206847.55,1248.3899999999849,1064.9379999999946
41,184327.25,208732.45,1884.9000000000233,1650.5620000000054
43,185326.31200000003,210054.17,1321.7200000000012,999.0620000000345
44,185844.0,211052.39,998.2200000000012,517.6879999999655
45,186239.81200000003,212051.25,998.859999999986,395.81200000003446
45,186581.25,212788.16,736.9100000000035,341.43799999996554
45,186931.438,213327.4,539.2399999999907,350.18799999999464
44,187233.0,213629.1,301.70000000001164,301.56200000000536
43,187521.375,213870.44,241.3399999999965,288.375
42,187751.75,214170.27,299.8299999999872,230.375
42,188057.875,214680.66,510.39000000001397,306.125
42,188684.25,215394.75,714.0899999999965,626.375
43,189633.875,216320.84,926.0899999999965,949.625
43,190022.0,216904.95,584.1100000000151,388.125
41,190375.0,217144.61,239.6599999999744,353.0
38,190800.938,217325.0,180.39000000001397,425.93799999999464
35,191396.0,217519.52,194.51999999998952,595.0620000000054
30,191884.75,217748.56,229.04000000000815,488.75
29,192354.938,218130.05,381.4899999999907,470.18799999999464
30,192935.06200000003,218944.83,814.7799999999988,580.1240000000398
32,193680.56200000003,220035.98,1091.1500000000233,745.5
32,194161.25,220612.66,576.679999999993,480.68799999996554
27,194726.81200000003,220862.06,249.39999999999418,565.5620000000345
23,195228.25,221120.06,258.0,501.43799999996554
22,195765.25,221614.55,494.4899999999907,537.0
24,196924.75,222713.95,1099.4000000000233,1159.5
26,197876.375,223776.77,1062.8199999999779,951.625
25,198435.81200000003,224155.22,378.45000000001164,559.4370000000345
24,198804.938,224474.55,319.3299999999872,369.1259999999602
24,199136.188,225031.66,557.1100000000151,331.25
25,199623.625,225710.9,679.2399999999907,487.43700000000536
24,199975.875,226097.81,386.9100000000035,352.25
25,200463.25,226966.2,868.390000000014,487.375
29,201802.875,228845.17,1878.9700000000012,1339.625
33,202888.31200000003,230880.25,2035.0799999999872,1085.4370000000345
35,203587.875,232205.94,1325.6900000000023,699.5629999999655
36,204190.81200000003,232931.8,725.859999999986,602.9370000000345
34,204460.938,233195.14,263.3400000000256,270.1259999999602
35,204745.188,233917.0,721.859999999986,284.25
36,205062.81200000003,235011.14,1094.140000000014,317.6240000000398
38,205453.56200000003,236238.45,1227.3099999999977,390.75
39,205767.81200000003,237232.88,994.429999999993,314.25
40,206379.06200000003,238108.27,875.3899999999849,611.25
40,206898.125,238630.98,522.710000000021,519.0629999999655
39,207459.875,238960.1,329.11999999999534,561.75
39,207927.875,239499.14,539.0400000000081,468.0
40,208442.125,240202.6,703.4599999999919,514.25
39,208915.688,240544.88,342.27999999999884,473.56299999999464
38,209419.06200000003,240930.36,385.4799999999814,503.3740000000398
40,209871.938,241825.2,894.8400000000256,452.8759999999602
41,210391.75,242582.08,756.8799999999756,519.8120000000054
