Speed,Actual,Predicted_sum,Predicted,rate,MAE,MSE,MAPE
0,83.37500000000003,348.5051,348.5051,83.37500000000003,54.656645505743455,11807.907848841744,22.405707861902066
0,336.687,611.3469,262.84183,253.31199999999995,54.656645505743455,11807.907848841744,22.405707861902066
0,648.5310000000001,952.5709,341.22397,311.84400000000005,54.656645505743455,11807.907848841744,22.405707861902066
0,915.9209999999999,1316.4196,363.84863,267.3899999999999,54.656645505743455,11807.907848841744,22.405707861902066
0,1198.625,1679.6296,363.21002,282.7040000000002,54.656645505743455,11807.907848841744,22.405707861902066
0,1578.703,2036.3496,356.72,380.078,54.656645505743455,11807.907848841744,22.405707861902066
0,1838.609,2386.028,349.67856,259.90599999999995,54.656645505743455,11807.907848841744,22.405707861902066
0,2125.531,2729.499,343.47095,286.922,54.656645505743455,11807.907848841744,22.405707861902066
0,2437.078,3067.7747,338.27573,311.547,54.656645505743455,11807.907848841744,22.405707861902066
0,2695.437,3401.7275,333.95297,258.3589999999999,54.656645505743455,11807.907848841744,22.405707861902066
0,2983.047,3732.0488,330.3212,287.6100000000001,54.656645505743455,11807.907848841744,22.405707861902066
0,3311.968,4059.2837,327.23474,328.9209999999998,54.656645505743455,11807.907848841744,22.405707861902066
0,3576.047,4383.8657,324.5822,264.0790000000002,54.656645505743455,11807.907848841744,22.405707861902066
0,3866.593,4706.1465,322.28067,290.5459999999998,54.656645505743455,11807.907848841744,22.405707861902066
0,4181.734,5026.4155,320.26923,315.1410000000001,54.656645505743455,11807.907848841744,22.405707861902066
0,4433.609,5344.9155,318.49982,251.875,54.656645505743455,11807.907848841744,22.405707861902066
0,4717.515,5661.852,316.93652,283.90599999999995,54.656645505743455,11807.907848841744,22.405707861902066
0,5036.421,5977.4,315.54803,318.90599999999995,54.656645505743455,11807.907848841744,22.405707861902066
0,5309.484,6291.7124,314.31244,273.0630000000001,54.656645505743455,11807.907848841744,22.405707861902066
0,5599.953,6604.9214,313.20886,290.46900000000005,54.656645505743455,11807.907848841744,22.405707861902066
0,5902.437000000001,6917.1426,312.2214,302.4840000000004,54.656645505743455,11807.907848841744,22.405707861902066
0,6166.734,7228.479,311.33624,264.29699999999957,54.656645505743455,11807.907848841744,22.405707861902066
0,6451.25,7539.0205,310.54135,284.5159999999996,54.656645505743455,11807.907848841744,22.405707861902066
0,6751.312000000001,7848.848,309.82785,300.0620000000008,54.656645505743455,11807.907848841744,22.405707861902066
0,7016.093000000001,8158.033,309.18527,264.78099999999995,54.656645505743455,11807.907848841744,22.405707861902066
0,7298.2970000000005,8466.64,308.60635,282.2039999999997,54.656645505743455,11807.907848841744,22.405707861902066
0,7611.968000000001,8774.724,308.08444,313.6710000000003,54.656645505743455,11807.907848841744,22.405707861902066
0,7852.718000000001,9082.338,307.6138,240.75,54.656645505743455,11807.907848841744,22.405707861902066
0,8128.7970000000005,9389.526,307.18884,276.0789999999997,54.656645505743455,11807.907848841744,22.405707861902066
0,8438.078,9696.332,306.80524,309.28099999999904,54.656645505743455,11807.907848841744,22.405707861902066
0,8690.687,10002.791,306.4586,252.60900000000038,54.656645505743455,11807.907848841744,22.405707861902066
0,9113.625,10308.937,306.1455,422.9380000000001,54.656645505743455,11807.907848841744,22.405707861902066
0,9319.515000000001,10614.799,305.86215,205.89000000000124,54.656645505743455,11807.907848841744,22.405707861902066
0,9531.062,10920.405,305.60605,211.54699999999866,54.656645505743455,11807.907848841744,22.405707861902066
0,9806.75,11225.779,305.37436,275.6880000000001,54.656645505743455,11807.907848841744,22.405707861902066
0,10099.968,11530.943,305.16437,293.21800000000076,54.656645505743455,11807.907848841744,22.405707861902066
0,10357.203,11835.918,304.9749,257.23499999999876,54.656645505743455,11807.907848841744,22.405707861902066
0,10639.0,12140.722,304.80338,281.7970000000005,54.656645505743455,11807.907848841744,22.405707861902066
0,10942.797,12445.369,304.64767,303.7970000000005,54.656645505743455,11807.907848841744,22.405707861902066
0,11193.984,12749.876,304.50687,251.1869999999999,54.656645505743455,11807.907848841744,22.405707861902066
0,11474.328,13054.256,304.37955,280.34399999999914,54.656645505743455,11807.907848841744,22.405707861902066
0,11769.343,13358.52,304.26407,295.01500000000124,54.656645505743455,11807.907848841744,22.405707861902066
0,12024.578,13662.679,304.15964,255.23499999999876,54.656645505743455,11807.907848841744,22.405707861902066
0,12304.890000000001,13966.744,304.06506,280.3120000000017,54.656645505743455,11807.907848841744,22.405707861902066
0,12619.828,14270.724,303.97922,314.9379999999983,54.656645505743455,11807.907848841744,22.405707861902066
0,12853.078,14574.625,303.90158,233.25,54.656645505743455,11807.907848841744,22.405707861902066
0,13122.343,14878.456,303.83136,269.26500000000124,54.656645505743455,11807.907848841744,22.405707861902066
0,13406.765000000001,15182.224,303.7677,284.4220000000005,54.656645505743455,11807.907848841744,22.405707861902066
0,13663.640000000001,15485.934,303.7104,256.875,54.656645505743455,11807.907848841744,22.405707861902066
0,13936.390000000001,15789.592,303.65826,272.75,54.656645505743455,11807.907848841744,22.405707861902066
0,14242.265000000001,16093.203,303.6112,305.875,54.656645505743455,11807.907848841744,22.405707861902066
0,14482.765000000001,16396.771,303.5691,240.5,54.656645505743455,11807.907848841744,22.405707861902066
0,14762.281,16700.303,303.53033,279.5159999999996,54.656645505743455,11807.907848841744,22.405707861902066
0,15062.968,17003.799,303.49585,300.6869999999999,54.656645505743455,11807.907848841744,22.405707861902066
0,15313.203,17307.264,303.46454,250.23499999999876,54.656645505743455,11807.907848841744,22.405707861902066
0,15583.031,17610.7,303.43628,269.82800000000134,54.656645505743455,11807.907848841744,22.405707861902066
0,15882.406,17914.11,303.4111,299.375,54.656645505743455,11807.907848841744,22.405707861902066
0,16136.640000000001,18217.498,303.38837,254.23400000000038,54.656645505743455,11807.907848841744,22.405707861902066
0,16402.953,18520.865,303.36813,266.3130000000001,54.656645505743455,11807.907848841744,22.405707861902066
0,16702.453,18824.215,303.3505,299.5,54.656645505743455,11807.907848841744,22.405707861902066
0,16950.75,19127.549,303.33408,248.29699999999866,54.656645505743455,11807.907848841744,22.405707861902066
0,17227.187,19430.87,303.3211,276.4370000000017,54.656645505743455,11807.907848841744,22.405707861902066
0,17524.437,19734.178,303.30887,297.25,54.656645505743455,11807.907848841744,22.405707861902066
0,17781.984,20037.477,303.2987,257.54699999999866,54.656645505743455,11807.907848841744,22.405707861902066
0,18060.703,20340.768,303.29034,278.71900000000096,54.656645505743455,11807.907848841744,22.405707861902066
0,18343.281,20644.05,303.28287,282.5779999999977,54.656645505743455,11807.907848841744,22.405707861902066
0,18601.031,20947.328,303.27737,257.75,54.656645505743455,11807.907848841744,22.405707861902066
0,18877.578,21250.602,303.27405,276.5470000000023,54.656645505743455,11807.907848841744,22.405707861902066
0,19175.797,21553.873,303.27158,298.2189999999973,54.656645505743455,11807.907848841744,22.405707861902066
0,19417.812,21857.145,303.27112,242.01500000000306,54.656645505743455,11807.907848841744,22.405707861902066
0,19690.125,22160.418,303.2727,272.3129999999983,54.656645505743455,11807.907848841744,22.405707861902066
0,19984.078,22463.693,303.2752,293.95300000000134,54.656645505743455,11807.907848841744,22.405707861902066
0,20238.718,22766.973,303.28006,254.63999999999942,54.656645505743455,11807.907848841744,22.405707861902066
0,20514.921000000002,23070.26,303.28702,276.20300000000134,54.656645505743455,11807.907848841744,22.405707861902066
0,20815.156,23373.555,303.2955,300.23499999999694,54.656645505743455,11807.907848841744,22.405707861902066
0,21057.625,23676.861,303.30725,242.46900000000096,54.656645505743455,11807.907848841744,22.405707861902066
0,21322.953,23980.182,303.3212,265.32800000000134,54.656645505743455,11807.907848841744,22.405707861902066
0,21621.953,24283.52,303.33798,299.0,54.656645505743455,11807.907848841744,22.405707861902066
0,21869.0,24586.877,303.35724,247.04699999999866,54.656645505743455,11807.907848841744,22.405707861902066
0,22134.312,24890.258,303.38126,265.3120000000017,54.656645505743455,11807.907848841744,22.405707861902066
0,22424.421000000002,25193.666,303.40897,290.1090000000004,54.656645505743455,11807.907848841744,22.405707861902066
0,22673.671000000002,25497.107,303.44113,249.25,54.656645505743455,11807.907848841744,22.405707861902066
0,22931.484,25800.586,303.47824,257.8129999999983,54.656645505743455,11807.907848841744,22.405707861902066
0,23222.093,26104.107,303.52194,290.6090000000004,54.656645505743455,11807.907848841744,22.405707861902066
0,23474.703,26407.68,303.57156,252.61000000000058,54.656645505743455,11807.907848841744,22.405707861902066
0,23748.75,26711.309,303.62872,274.04699999999866,54.656645505743455,11807.907848841744,22.405707861902066
0,24025.75,27015.002,303.69406,277.0,54.656645505743455,11807.907848841744,22.405707861902066
0,24281.421000000002,27318.771,303.76877,255.6710000000021,54.656645505743455,11807.907848841744,22.405707861902066
0,24547.437,27622.625,303.85446,266.0159999999996,54.656645505743455,11807.907848841744,22.405707861902066
0,24836.078,27926.578,303.95264,288.6409999999996,54.656645505743455,11807.907848841744,22.405707861902066
0,25082.078,28230.643,304.06418,246.0,54.656645505743455,11807.907848841744,22.405707861902066
0,25349.765,28534.834,304.1912,267.6869999999981,54.656645505743455,11807.907848841744,22.405707861902066
0,25632.015,28839.168,304.33453,282.25,54.656645505743455,11807.907848841744,22.405707861902066
0,25877.875,29143.666,304.4975,245.86000000000058,54.656645505743455,11807.907848841744,22.405707861902066
0,26146.828,29448.348,304.68124,268.95300000000134,54.656645505743455,11807.907848841744,22.405707861902066
0,26427.0,29753.236,304.8884,280.17199999999866,54.656645505743455,11807.907848841744,22.405707861902066
0,26669.297,30058.357,305.12082,242.29699999999866,54.656645505743455,11807.907848841744,22.405707861902066
0,26929.437,30363.738,305.3803,260.14000000000306,54.656645505743455,11807.907848841744,22.405707861902066
0,27204.797,30669.406,305.66833,275.35999999999694,54.656645505743455,11807.907848841744,22.405707861902066
0,27456.015,30975.393,305.98666,251.21800000000076,54.656645505743455,11807.907848841744,22.405707861902066
0,27730.203,31281.729,306.33627,274.1880000000019,54.656645505743455,11807.907848841744,22.405707861902066
0,28016.562,31588.445,306.7169,286.3590000000004,54.656645505743455,11807.907848841744,22.405707861902066
0,28274.734,31895.576,307.1303,258.17199999999866,54.656645505743455,11807.907848841744,22.405707861902066
0,28537.906,32203.15,307.57364,263.17199999999866,54.656645505743455,11807.907848841744,22.405707861902066
0,28822.968,32511.2,308.04837,285.0620000000017,54.656645505743455,11807.907848841744,22.405707861902066
0,29070.265,32819.758,308.5605,247.29699999999866,54.656645505743455,11807.907848841744,22.405707861902066
0,29335.14,33128.895,309.13705,264.875,54.656645505743455,11807.907848841744,22.405707861902066
0,29623.047,33438.754,309.86072,287.90699999999924,54.656645505743455,11807.907848841744,22.405707861902066
0,29864.609,33749.656,310.90173,241.56200000000172,54.656645505743455,11807.907848841744,22.405707861902066
0,30138.906,34062.117,312.4615,274.29699999999866,54.656645505743455,11807.907848841744,22.405707861902066
0,30424.39,34376.664,314.5451,285.4840000000004,54.656645505743455,11807.907848841744,22.405707861902066
0,30666.781,34693.63,316.96512,242.39099999999962,54.656645505743455,11807.907848841744,22.405707861902066
0,30939.843,35015.215,321.58432,273.0620000000017,54.656645505743455,11807.907848841744,22.405707861902066
0,31220.062,35356.855,341.63895,280.21900000000096,54.656645505743455,11807.907848841744,22.405707861902066
0,31463.234,35812.434,455.57834,243.17199999999866,54.656645505743455,11807.907848841744,22.405707861902066
0,31718.359,36723.402,910.96936,255.125,54.656645505743455,11807.907848841744,22.405707861902066
6,31890.812,37518.863,795.4618,172.45300000000134,54.656645505743455,11807.907848841744,22.405707861902066
6,31890.812,38007.332,488.46948,0.0,54.656645505743455,11807.907848841744,22.405707861902066
