Speed,Actual,Predicted_sum,Predicted,rate,MAE,MSE,MAPE
0,189.73499999999999,320.81973,320.81973,189.73499999999999,142.75106691136844,48936.1771324555,37.953562828723456
0,541.2660000000001,663.999,343.17926,351.53100000000006,142.75106691136844,48936.1771324555,37.953562828723456
0,1117.953,1006.2224,342.2234,576.6869999999999,142.75106691136844,48936.1771324555,37.953562828723456
0,1625.5,1352.793,346.57056,507.547,142.75106691136844,48936.1771324555,37.953562828723456
0,2663.297,1760.1259,407.33286,1037.797,142.75106691136844,48936.1771324555,37.953562828723456
1,3275.25,2219.4172,459.29132,611.953,142.75106691136844,48936.1771324555,37.953562828723456
3,3561.672,2582.286,362.86874,286.422,142.75106691136844,48936.1771324555,37.953562828723456
4,4065.1560000000004,2969.471,387.18515,503.4840000000004,142.75106691136844,48936.1771324555,37.953562828723456
5,4459.7029999999995,3378.1023,408.63138,394.54699999999957,142.75106691136844,48936.1771324555,37.953562828723456
6,4790.4529999999995,3793.497,415.3947,330.75,142.75106691136844,48936.1771324555,37.953562828723456
7,5169.843999999999,4193.8076,400.3107,379.3909999999996,142.75106691136844,48936.1771324555,37.953562828723456
7,5593.281,4665.626,471.8185,423.4370000000008,142.75106691136844,48936.1771324555,37.953562828723456
8,6007.735,5163.865,498.23926,414.4539999999997,142.75106691136844,48936.1771324555,37.953562828723456
9,6468.9529999999995,5697.457,533.5916,461.21799999999985,142.75106691136844,48936.1771324555,37.953562828723456
10,6946.641,6244.041,546.584,477.6880000000001,142.75106691136844,48936.1771324555,37.953562828723456
11,7305.968999999999,6702.471,458.43018,359.3279999999995,142.75106691136844,48936.1771324555,37.953562828723456
11,7494.3279999999995,7077.8735,375.40247,188.35900000000038,142.75106691136844,48936.1771324555,37.953562828723456
10,7617.75,7407.148,329.2744,123.42200000000048,142.75106691136844,48936.1771324555,37.953562828723456
8,7874.3279999999995,7799.401,392.25305,256.5779999999995,142.75106691136844,48936.1771324555,37.953562828723456
8,8265.969000000001,8144.749,345.34796,391.64100000000053,142.75106691136844,48936.1771324555,37.953562828723456
7,8730.672,8457.955,313.20587,464.7029999999995,142.75106691136844,48936.1771324555,37.953562828723456
5,9218.735,8755.881,297.92584,488.0630000000001,142.75106691136844,48936.1771324555,37.953562828723456
1,9790.719000000001,9043.762,287.8811,571.9840000000004,142.75106691136844,48936.1771324555,37.953562828723456
0,10563.594000000001,9337.2295,293.46747,772.875,142.75106691136844,48936.1771324555,37.953562828723456
0,11388.203000000001,9649.372,312.14236,824.6090000000004,142.75106691136844,48936.1771324555,37.953562828723456
1,11996.219000000001,9969.589,320.21686,608.0159999999996,142.75106691136844,48936.1771324555,37.953562828723456
2,12336.922,10342.083,372.4942,340.7029999999995,142.75106691136844,48936.1771324555,37.953562828723456
3,12837.922,10784.811,442.7276,501.0,142.75106691136844,48936.1771324555,37.953562828723456
5,13084.75,11158.362,373.55206,246.82799999999952,142.75106691136844,48936.1771324555,37.953562828723456
6,13415.391,11497.714,339.35187,330.6409999999996,142.75106691136844,48936.1771324555,37.953562828723456
5,13713.297,11858.527,360.81332,297.90600000000086,142.75106691136844,48936.1771324555,37.953562828723456
5,14059.766,12200.108,341.58127,346.46899999999914,142.75106691136844,48936.1771324555,37.953562828723456
5,14435.297,12505.507,305.39798,375.53100000000086,142.75106691136844,48936.1771324555,37.953562828723456
3,14794.922,12834.818,329.31152,359.625,142.75106691136844,48936.1771324555,37.953562828723456
3,15316.0,13199.606,364.78854,521.0779999999995,142.75106691136844,48936.1771324555,37.953562828723456
2,16665.078,13839.985,640.37897,1349.0779999999995,142.75106691136844,48936.1771324555,37.953562828723456
5,17024.609000000004,14201.58,361.5951,359.5310000000027,142.75106691136844,48936.1771324555,37.953562828723456
6,17388.172000000002,14530.976,329.3953,363.5629999999983,142.75106691136844,48936.1771324555,37.953562828723456
5,17782.031000000003,14846.1045,315.12915,393.8590000000004,142.75106691136844,48936.1771324555,37.953562828723456
4,18166.297000000002,15144.065,297.9612,384.2659999999996,142.75106691136844,48936.1771324555,37.953562828723456
3,18570.235,15430.769,286.70282,403.9379999999983,142.75106691136844,48936.1771324555,37.953562828723456
2,19003.000000000004,15710.028,279.25992,432.76500000000306,142.75106691136844,48936.1771324555,37.953562828723456
1,19396.438000000002,15999.123,289.09473,393.4379999999983,142.75106691136844,48936.1771324555,37.953562828723456
0,19706.094,16309.455,310.3322,309.65599999999904,142.75106691136844,48936.1771324555,37.953562828723456
0,19998.094,16624.314,314.8593,292.0,142.75106691136844,48936.1771324555,37.953562828723456
0,20251.203,16940.617,316.30182,253.10900000000038,142.75106691136844,48936.1771324555,37.953562828723456
0,20502.266000000003,17256.412,315.79562,251.06300000000192,142.75106691136844,48936.1771324555,37.953562828723456
0,20779.172000000002,17571.238,314.8266,276.90599999999904,142.75106691136844,48936.1771324555,37.953562828723456
0,21001.406000000003,17885.281,314.04214,222.23400000000038,142.75106691136844,48936.1771324555,37.953562828723456
0,21245.188000000002,18199.096,313.81506,243.78199999999924,142.75106691136844,48936.1771324555,37.953562828723456
0,21507.422000000002,18513.729,314.6329,262.2340000000004,142.75106691136844,48936.1771324555,37.953562828723456
0,21744.531000000003,18830.947,317.21967,237.10900000000038,142.75106691136844,48936.1771324555,37.953562828723456
0,22010.766000000003,19152.402,321.4545,266.2350000000006,142.75106691136844,48936.1771324555,37.953562828723456
0,22285.828,19478.1,325.69763,275.0619999999981,142.75106691136844,48936.1771324555,37.953562828723456
0,22517.750000000004,19822.531,344.43228,231.9220000000023,142.75106691136844,48936.1771324555,37.953562828723456
0,22773.688000000002,20305.85,483.3183,255.93799999999828,142.75106691136844,48936.1771324555,37.953562828723456
0,22974.141000000003,21334.49,1028.6403,200.45300000000134,142.75106691136844,48936.1771324555,37.953562828723456
6,22974.141000000003,21538.098,203.60828,0.0,142.75106691136844,48936.1771324555,37.953562828723456
